3.231968982322296347e-01
1.552876147499049342e-02
1.621206914356433382e-01
5.934932123693308359e-01
7.659788765967131541e-01
3.814806071768611639e-01
9.961067673110522991e-01
4.534864691388146296e-01
2.602372809616561034e-01
2.510538105999422509e-01
7.609500549632949307e-01
2.175428356371017502e-01
5.816200777522291254e-01
4.012088634376737017e-01
4.819384253030609688e-01
1.418268822887049918e-01
6.453348219298242761e-01
8.845149201186877086e-01
4.210392869057625331e-01
6.641426236042186071e-01
6.632777782421451773e-01
5.216454397306284907e-01
7.555372036108994882e-01
8.376900463926018059e-02
1.584367335793072096e-01
4.825690336127426150e-01
9.243464811919789303e-01
8.360011545980717829e-01
2.943127634795408287e-01
3.376335026468345601e-01
6.772220742376624525e-01
7.498860702330956141e-02
2.354747088281481382e-01
2.148747525003377179e-01
9.605199926625134221e-01
3.657138922069620435e-01
6.471182454950891172e-01
9.352753760160421592e-01
3.782129642370819500e-01
9.145436795964845267e-02
5.428395954385399902e-01
7.638367545174231665e-01
2.107092154101686265e-02
9.394457872948460686e-01
1.835897889719240172e-01
2.225155233791215048e-01
7.136099269268868506e-01
4.665857920197770126e-01
6.627882400749629532e-03
8.720927917738765522e-01
8.252019721683522269e-01
9.232806314358608102e-01
2.515257805157122828e-01
2.744865045930273695e-01
7.834314999302498528e-01
2.910473681576434268e-01
2.201918405281291236e-01
5.701968333645643927e-01
7.209425720219390099e-01
1.620042614809098502e-01
3.442754877880578324e-01
5.339073112724941339e-01
1.368932612060996812e-01
4.302983649900751217e-01
8.195862041388284336e-01
7.242163841778300748e-01
9.651626544193392387e-02
1.436343804618833708e-01
7.775079019299785399e-01
3.798299077781343014e-01
7.350668190753021358e-01
3.704979510980785928e-01
9.876903114598063471e-01
7.771015258582129048e-01
8.513985156036378843e-01
3.364401309104525506e-01
6.757524128153707954e-01
2.094180654339095060e-02
6.932501982638471505e-01
8.648246675371988879e-01
2.935369018595115342e-01
4.367938448466283097e-01
1.219057322034906576e-01
1.900234529072668543e-01
6.936838834552395694e-01
3.364008364417734320e-01
8.202969933300684469e-01
8.579341075954205476e-01
9.114146137699901118e-01
1.790811899562897436e-01
5.949126021543530429e-01
8.315501242442190355e-01
6.300917717447066524e-01
3.015168567485320139e-01
4.904447549720556410e-01
1.729593471544299543e-02
6.049095777980344479e-01
3.452019954952255665e-01
3.026187204462851277e-01
8.837479535630279326e-01
5.187229681916833979e-01
4.191429536390309796e-01
4.684196392869582892e-01
8.262838417402951219e-01
5.630585252231131710e-01
6.333203541966206940e-01
7.116756016751186742e-01
8.480190672757376147e-01
6.961489728249823372e-01
3.857697644686652882e-02
4.287773465785539306e-01
9.923133466906176592e-01
3.267473275880659056e-01
9.150228379965629211e-01
2.764210856054964971e-01
8.176062920455903216e-01
3.548797505144155595e-01
3.735179897057548937e-01
6.520645131604663192e-02
6.379406631842300390e-01
5.604924868194355314e-01
5.400519255450094702e-01
4.330209549796085744e-01
8.663669095427615208e-01
2.052456862070266563e-01
7.001554791629428509e-01
2.454782270367672492e-02
5.523812086881517702e-01
6.172060667829907255e-01
3.372224032671533589e-02
7.856195985611765797e-01
9.967893877786909718e-01
8.125977705147913177e-01
1.892547303427066785e-01
4.234124640898598857e-01
9.252008627639118910e-02
1.452070473430322473e-01
1.382799800322908057e-01
6.896692141017690680e-01
6.531390218413581916e-01
2.680259245853278127e-02
1.930552569821304409e-01
1.571511256603930207e-02
9.943364854221528049e-01
6.629136944654582253e-01
4.090880661954308106e-01
8.748500363345365072e-01
5.347293446421884644e-01
7.333108380500298340e-01
1.047361922668554879e-02
7.827826134787851942e-01
9.034747182219513562e-01
4.110540649318832340e-01
4.112539047452709040e-01
1.456826188133326649e-01
8.570318057225653208e-01
8.357143108425268974e-02
5.174102497960538782e-01
7.854925724089324435e-01
5.068113227452886171e-01
6.313067990183618416e-02
4.611032951014073511e-01
4.706852742252257693e-01
1.418353301338003414e-01
5.555536880010911727e-01
5.007413121024547609e-01
2.418388900366268413e-01
7.113619585688621960e-01
2.385730490996088582e-01
3.677645884492565242e-01
5.825749705709288850e-01
7.747617041918235525e-01
5.478576639087281430e-01
7.028028290814243295e-01
8.795415671283697279e-01
1.435954606822635871e-01
9.749931063639546425e-01
9.990784356090405272e-01
7.199452512320121400e-01
6.251757467371871213e-01
9.491766994062850182e-01
2.559119976012074194e-01
8.282443824718477288e-01
8.630931610366499029e-01
4.050284490432787265e-02
9.475142089593835415e-02
3.378916537794210972e-01
8.940362476651032564e-01
4.900906662020283466e-01
1.076279756892540851e-01
9.542006059697238918e-02
6.983366520522653609e-01
7.518840801696348164e-01
3.915471983767534470e-01
5.553066050661665809e-01
6.644458058151514468e-01
4.136742493980571922e-02
6.133000638096662849e-01
4.056643479931939522e-01
7.436980498644635285e-01
5.709886172156428685e-01
6.652950808545883277e-01
3.193513516898437432e-01
7.409373511627144193e-01
9.122824701442672213e-01
5.488145294741207936e-01
5.811504979334768395e-01
8.105916567586787247e-01
5.217825529589448230e-01
3.874245626231888062e-01
6.593269539979512706e-01
6.536631033915960565e-01
3.482825642431459645e-01
1.477357463642633428e-01
2.041011764341373880e-01
8.408649320300018992e-01
2.304766143310916782e-01
7.288711318700535902e-01
2.301611696366001603e-01
8.532771667409592142e-01
5.407713054621609006e-01
8.662108776400189170e-01
2.619454528707332308e-02
1.095354503880170416e-01
1.388783265525990185e-01
5.020154606227110738e-01
6.984461907261282354e-01
8.164056512636557184e-01
2.950256476295202157e-01
7.803918226977583084e-01
8.752144066052183202e-01
5.535072980463799919e-01
5.924023106910947245e-01
2.389329364619585672e-01
8.112673923367068607e-01
8.946870744671212572e-01
7.178522923103436426e-02
7.197032569849244332e-01
9.969442264894413652e-01
2.902701345242667541e-01
1.103023754655523270e-01
5.710651105077296785e-01
4.771443142371822876e-02
8.958365177243271527e-01
5.104649943639261167e-01
4.140966444104627886e-01
7.063209958627261198e-01
7.373535785530394016e-02
2.831214173662266465e-01
5.660587589797421160e-01
8.944377177903902743e-01
3.653968163359333499e-02
5.262847957659222420e-02
4.998840420856814903e-01
3.270257247754800867e-01
7.130281183347303431e-01
5.005928777467812951e-01
6.383833359437133259e-01
2.753912230925694704e-01
6.463399578543945756e-01
5.991601032628408596e-01
6.403025426873960591e-01
2.041039714012256034e-01
8.339330026019312614e-01
9.331967237574045893e-01
2.622680662918114303e-01
5.419315436071928671e-01
6.536445816336425851e-01
7.514132161368403118e-02
6.130788041955801404e-01
7.239300793307601456e-02
9.063793821363644865e-01
8.719225319779918548e-01
1.349924370675041896e-01
1.456418820021750937e-01
9.714577665536536788e-01
9.754267070943425377e-01
5.357561863015765091e-01
2.944118488548482793e-01
9.543789860862239571e-01
2.669073084876959490e-01
5.473782447927850736e-01
5.855310055960555315e-01
8.912135681039099477e-01
5.783292023021353589e-01
9.817113755375920237e-01
4.545137537802093064e-01
1.944283735703031812e-01
3.507606784802085320e-01
4.663181221802276122e-01
6.461639584049094776e-02
5.239393586365828082e-01
3.999752836730834371e-01
8.170509025214471865e-01
9.288741474312562918e-01
9.049603898313562933e-02
7.237726367279950779e-02
1.532521262189678879e-01
9.996119207580048682e-01
4.201127470821436338e-01
6.145305358625252623e-01
3.444975899186365487e-01
1.732376867788757435e-01
6.977131642220876229e-01
1.442902281777174167e-01
4.279248914703250861e-01
1.205155148501209084e-01
4.583934729178751333e-01
5.831035321811282035e-01
2.009443211521430017e-01
7.661319743774910318e-01
3.754729135680187069e-01
3.967524847119451303e-01
6.071134395875110723e-01
8.688951176203209004e-01
2.206328113283451131e-02
9.223479508635521462e-01
8.495245816618903767e-01
5.309529404552820742e-01
9.887352671217447542e-01
6.876750832161171445e-01
1.058639178226091770e-01
7.321337759114090460e-01
9.291664373836385771e-01
3.643469987261569454e-01
5.071742225816646688e-01
5.993167632922443699e-01
1.746468133835281655e-01
9.868325206297650087e-01
2.584074151410976627e-01
3.484302864808330735e-01
9.551031342428702997e-01
4.474041385196250165e-01
3.271681664372948495e-01
5.240027336667862912e-02
8.611039600484251544e-01
1.169885987760904689e-01
3.270096122734207356e-01
2.285311918262642461e-01
1.752587872827786608e-01
4.931648888909767603e-02
4.993587241095991391e-01
8.506493945501307774e-01
1.603365841547741422e-01
2.864194479871051691e-01
8.598775046044934145e-01
3.557148592165532142e-01
5.085745820610696466e-01
6.512079229747560483e-01
5.789998237538676040e-01
5.754294401675088544e-01
9.006457341399625172e-01
9.709677411903649968e-03
6.197969508619669554e-01
6.146539493651500541e-01
4.411958938129725283e-01
2.934563764499887872e-01
2.214824663513670355e-01
5.859942872172677619e-01
9.248933961442865614e-01
3.517130379324476808e-01
6.505144484924390014e-01
3.584549617947105915e-01
8.578603304333605184e-01
7.158034718440589028e-01
9.005947043345081671e-01
8.485277469863373723e-01
8.693746681040187552e-01
2.579261578117099107e-01
9.459078307435742072e-01
5.822524641701366521e-01
2.576337613651269454e-02
5.471098131436397116e-01
3.537991938199414044e-01
3.297011588582146047e-01
4.990065325551016340e-01
9.056179302055663571e-01
3.097716119646626298e-01
6.855303343784927561e-01
3.820139501516315317e-01
9.804849786788537580e-01
2.520710316321929101e-01
5.416639636627752497e-01
9.766360115414952636e-01
3.620271650302119282e-01
1.247082626193644073e-01
1.209129434770648270e-01
3.194267262053157586e-01
7.153717669164342263e-01
1.563377449102525407e-01
6.342110624913526173e-01
9.456587005534811130e-01
7.227911524246717345e-01
7.970768631571548690e-01
4.285569516378379129e-01
7.724446901521510034e-01
8.094653225576127209e-01
8.322788919516205253e-01
9.747752902084193538e-01
4.633782154863412828e-01
9.111774026196042264e-01
3.646902085881020827e-02
3.527181745026951587e-01
6.059230576040837146e-01
5.976400201322988881e-01
3.125605049124386969e-01
3.868962439092710204e-01
9.054017506365463763e-02
7.790870605257635972e-01
6.402720146228971787e-01
5.186647301474017757e-01
5.390100856840193133e-01
3.217165653574856066e-01
4.655728223748270000e-01
1.148618237281968657e-01
5.711375467505063197e-01
4.031016314909090514e-01
8.703076021151777697e-01
8.255776374481954560e-01
5.570495447292294067e-01
3.888167360250345261e-01
6.606096751983072668e-01
8.133717873820525135e-01
6.148453656770888065e-01
4.969968585338433442e-01
7.512215965602017098e-01
4.767046870607344333e-01
2.862784236104483071e-01
4.747438673883059845e-01
4.004378401927769504e-01
7.891384976755533298e-01
7.116148021171200266e-01
1.560356199281720535e-01
4.724265410569693513e-01
2.202064270485066810e-01
1.436322033364877404e-01
8.088705741542853156e-01
2.257669933652507455e-01
7.992614543833469476e-01
8.621349636523959470e-01
6.237012631807029583e-01
8.675254473358413598e-01
5.569315024273001624e-01
8.794962136440045430e-01
7.769759424794828728e-01
3.415100207866724746e-01
8.290329674181267094e-01
4.351659426033863687e-01
3.519210588551959784e-01
6.246725120799179187e-01
9.560266703231157237e-02
4.538466372042914143e-01
2.312820937311684810e-01
2.785428311176658678e-01
7.841646795699802608e-01
4.761441871924479985e-01
1.837710916748673817e-01
6.865663915670496831e-01
2.645151946688537592e-01
6.821338872586062418e-01
7.302542846988648861e-01
8.284340326357109152e-02
3.074555419561999514e-01
4.369364613043899004e-01
5.694286182686131292e-01
3.279166438190447286e-01
4.108842436399455789e-01
7.416669655568378650e-01
5.118684983643192465e-01
5.222254378281876441e-01
9.824315926445524871e-01
4.670446652396197385e-01
1.887879594280851281e-01
7.063404318656211212e-01
1.293599238514907546e-01
4.813761559428975101e-01
7.892188005906155546e-01
2.410433251294876733e-01
9.473696726636557930e-01
9.985186709844098285e-01
2.636136463822472686e-01
2.608569274960895745e-01
8.640655101440639640e-01
8.261419727568442006e-03
7.363057706422582172e-01
4.709063251587332077e-01
4.943781975311645205e-01
5.655582688371487698e-01
1.717265438171057257e-01
4.882701108084243069e-01
6.968657895664728263e-01
6.423549148483489457e-01
6.631934293458354723e-01
7.912043889477443637e-01
4.336639072017937080e-01
2.162990641603085296e-01
7.228673376543515161e-01
7.704135880573911299e-01
9.732536545700439801e-01
5.537011029018866770e-01
8.834314102539656544e-01
5.030002246411201527e-01
9.779744097076246145e-01
8.089730456650143786e-01
8.553736265093287994e-01
5.776336369877869137e-01
5.247553165546128273e-01
2.513629477624115260e-01
7.511430053943169982e-01
1.068892935366478891e-01
9.383678332105513942e-01
9.451954800169418691e-01
3.491627319564185594e-01
8.745346500540264190e-01
2.061491499541799888e-01
3.396571634390013195e-01
5.319444723287936050e-02
7.390952748265718908e-01
3.828260273537520408e-02
9.986710387484130091e-01
7.686319995472251643e-01
3.799190582451470455e-01
2.272791458301665068e-01
1.938098325812306344e-01
6.232461727109979144e-01
9.951172935572097922e-01
9.071836683463230244e-03
3.124832109122531731e-01
3.312810978832787523e-01
2.488289595634382012e-01
7.987632473966892466e-01
7.183288253758071118e-01
6.734240891834797349e-01
8.064445996619898915e-01
3.506169711275957113e-01
7.555998556938018362e-01
4.326584624217442165e-01
1.185272640093821828e-01
9.422520118565169689e-02
9.957294759588415367e-01
4.406521086761079342e-01
1.161886910867427902e-01
1.003112002711477047e-01
2.966872486543777887e-01
6.972008114987631178e-01
9.058589679002300166e-01
7.255766583953543458e-01
5.816322007665193361e-01
5.580834501428183492e-01
4.221976652523135032e-01
5.633667666447172984e-02
1.664750477901055792e-01
2.773602458814772298e-02
5.176690326975110779e-01
4.932240694009096815e-01
5.929125534420752741e-01
5.648630200632199783e-01
3.999365269908873310e-01
9.702327490663105181e-01
4.337645028057870444e-01
6.448309510106576825e-01
2.627045538810013348e-01
8.067827657701869271e-01
2.745241456536873237e-02
2.011171546778198760e-01
7.859947321410443166e-02
9.769544412866317806e-01
7.319799957301387217e-01
3.764099966849018264e-01
4.563337321289814286e-01
7.424434596095075278e-02
1.474601992852939691e-01
9.143620686906075434e-01
1.890599268818399237e-01
8.832826989157672726e-01
1.355327418941207895e-01
2.680416197301382919e-01
2.327326880871343207e-01
3.929741546757070658e-03
2.900096312857569636e-02
9.237305313344591484e-01
5.789448813943209871e-02
5.678371696565543969e-01
1.945620559068876876e-01
9.188688208452026052e-01
6.384555297723903955e-01
1.083961164745117500e-01
7.015209444457818355e-01
7.799757046362140178e-01
5.238009622303252399e-03
8.163770290502214699e-01
1.488209563966336191e-02
7.238451769562090909e-01
5.074226080422509222e-01
6.272958998971811528e-01
6.203175084461698408e-01
3.535409931134363415e-01
4.396347206734545487e-01
6.268918264206938540e-01
4.364062461838266183e-01
8.382471092272668622e-01
1.264418507644282652e-02
5.670192792265650317e-01
8.962777109809983989e-01
1.705911817759750981e-01
2.415863210563018448e-01
8.122492451477756337e-01
2.518446447025761703e-01
6.206005785367245675e-01
6.841973215199403935e-02
6.517932329200303299e-01
1.264473359793768514e-01
2.426800061078618898e-01
2.349612905237943306e-01
6.311707635442214137e-01
6.662559983791339624e-01
7.101380487443395007e-01
1.615131893954926401e-01
8.892924317524216749e-01
5.310744040419501655e-01
7.509810168276078723e-01
8.722454294296250188e-01
2.673365905186131375e-01
5.197155463107029361e-01
2.399250025359833671e-01
1.693043664425155637e-01
5.818177432167715990e-01
3.550225471936011568e-01
6.507381435663301961e-01
7.986203929288012704e-01
5.063004954171568262e-01
5.520646063702213668e-01
9.271852781196802118e-01
1.424516128479591526e-02
6.681997482621371276e-02
7.157695279002608268e-01
8.856349849285048981e-01
6.203485795375285328e-02
4.063889148650421390e-01
6.175499566673250396e-01
1.013165953891186355e-01
3.858184944156763940e-01
1.820211552671240351e-01
4.609922851057650650e-01
8.315318532799996776e-01
4.475413264138959901e-01
7.033950150370493759e-02
6.632197102298001967e-01
2.006491438151823958e-01
7.111364249923732839e-01
3.247029260284749475e-01
3.867331625017261798e-01
1.203558375213842346e-01
8.912682632594056686e-01
2.381552304541789677e-02
6.901121872670454849e-01
8.273952546996239388e-01
4.974808761207440977e-01
5.791150995370366594e-01
7.050847871179100057e-02
6.134074556066783090e-01
2.641537724136909793e-01
9.795273417107175362e-03
7.539330474536873883e-01
9.990481831960651427e-01
9.424754262101023849e-01
3.581937959460990140e-02
7.288340872568951356e-01
6.986668216795559605e-01
3.222045487310937206e-01
2.781233361670768511e-01
2.721338616261455012e-01
1.286414177994716912e-01
4.027698301691008398e-01
4.904949408480827611e-01
4.221270091030856486e-01
3.797118525864909833e-01
1.218390479833255657e-01
3.165440815192044344e-02
1.477562576844528852e-01
6.619475290257074152e-01
1.768234949069396045e-01
9.959511133906640001e-02
7.349849803497326972e-01
3.862179166458231672e-01
7.367641281597614444e-03
8.808749680462036880e-01
3.867228216131791685e-01
5.163011272136311947e-01
7.343714506185586854e-01
1.276857278613361402e-01
8.223525557766684368e-01
2.259826132464394233e-01
2.431639506045510934e-01
7.773982869361037995e-01
4.392509222025152704e-01
1.593925534467155458e-01
3.969658285524928498e-01
4.698530477822551177e-01
6.900462722859277420e-01
2.452891633641918201e-01
4.106369050909718377e-01
6.712575785720417132e-01
4.593718204173358188e-02
4.060165310219956414e-01
9.763500510686853318e-01
1.917623687147643752e-01
9.020888219272034103e-01
7.226059068192965951e-01
1.289237086563757018e-01
6.320982823018107544e-01
8.061758680045862935e-01
1.251802325041705410e-01
9.934039482825730571e-01
5.340864467845753971e-01
3.599229858897631251e-01
6.580654825232563621e-01
5.183401664212922144e-01
9.388146419458994751e-01
9.550223835998933319e-01
6.991395651400368338e-01
4.782693137572429087e-01
8.769657457576530701e-01
7.526985685483539301e-01
9.629692767823536670e-01
1.800284048748195254e-01
2.658182519582014125e-01
4.498104138262638552e-01
9.801795883675559207e-01
7.251330767836843272e-01
1.431057273502875926e-01
3.142967272614151097e-01
9.500585942966851549e-01
4.207302841117807057e-01
9.203383380067575725e-02
1.122387702676609367e-01
4.898625190986451994e-01
4.199683185991777146e-01
5.910985584692332040e-01
4.046118613074783932e-01
1.694538824089100171e-01
2.939245300608235301e-01
4.053578550314462792e-01
8.766531388745443243e-01
8.217910209236182206e-01
4.212718001947092228e-01
8.368985211144176484e-01
9.460481702618170896e-01
7.329423738869902394e-01
3.585223143362261666e-01
3.014785835966340422e-01
1.684828264014659460e-01
2.619096823981426070e-02
6.927328454343177899e-01
4.357458791230491846e-01
7.479432735243579655e-01
8.875850712737382020e-01
9.957103545858035920e-01
6.677663098114964280e-01
6.767056678804693748e-01
3.254788651557228851e-01
4.420601751727291084e-01
5.935248331091610430e-01
4.201271786899984928e-02
3.881119642886213805e-01
7.519751735343158661e-01
8.748453912586264813e-01
8.875927345605925112e-01
5.519303828331182382e-01
4.614209004960876381e-01
7.194869618276600320e-02
9.720552742673392865e-01
3.592558953948203904e-01
2.086030567657699564e-01
8.861824350923332982e-01
5.790171326042132804e-01
4.112977402117885539e-01
9.267563410406703950e-01
3.926967875445005474e-01
3.382279091155949713e-01
4.472921582508992966e-01
8.628352094102441638e-01
4.396089892853946024e-01
6.434152414823530730e-01
8.323238571279032438e-01
3.150476132374319116e-01
3.857534775614641642e-01
1.792181599196002173e-01
2.319053307945656561e-01
1.116778990797215876e-01
3.077773946979063258e-01
4.664444417585634772e-01
3.407168453166147248e-01
7.559026364131199438e-01
6.980779053573645809e-01
4.946852933954010156e-01
8.311583309815457898e-01
6.779771442502376955e-01
4.410600507646348367e-01
2.442480847976550296e-01
9.137636207721008264e-01
1.741636170330412847e-01
8.268286389145055315e-01
6.140724101357060150e-01
9.523651647843578427e-01
8.985003431113788297e-01
3.099659489209881658e-01
7.474532882518168941e-01
8.950446582194477863e-01
1.110061164111536547e-01
9.634374787926358596e-02
7.025725441186978504e-01
5.639531815583199714e-01
5.124386919136971752e-01
8.499327590027304646e-01
7.441162867452681962e-01
5.360178453976908175e-01
3.620694062310569894e-02
6.727682486582198251e-02
1.237114640902021723e-01
6.885402577099797305e-01
7.031877942344306742e-01
5.235460441847615831e-01
7.771314013197463400e-01
9.761541313032225942e-01
1.051753674050489584e-01
4.912467531279707256e-01
5.103967674181517644e-01
5.275961842902099352e-01
6.992479933394453173e-01
4.796736250581855598e-01
8.285718583039997087e-01
1.817821135636389362e-01
1.432806770791507089e-01
2.072354704895810196e-01
9.557901478422928809e-01
3.540113759322865983e-01
1.683002240441145991e-01
4.913503356917093834e-01
6.823890347417905788e-01
2.860132818991081294e-01
5.476915454660480354e-01
9.303405108821026781e-01
1.829615187377512386e-01
6.261351317001179195e-01
6.244473917467788793e-01
1.361498961228900795e-01
5.301312749326783091e-01
9.244875176123855676e-01
2.051345663723178614e-01
7.588144244254804160e-01
5.779327075353952736e-01
6.824471010513091240e-01
7.599380862447393525e-01
8.740578690955925767e-01
9.879987391984244027e-01
6.961566166089092622e-01
3.977221075545589457e-01
8.754784079604143177e-01
9.763869928774602247e-01
5.283150431393544011e-01
7.183968906551506661e-01
5.543127775827706438e-01
5.391969704548290609e-01
5.770713220730949722e-01
4.660997851664334668e-01
8.944650656478047024e-01
8.807826534835561105e-01
5.301589031717942602e-01
6.221976137309248589e-02
8.479370933473675542e-01
9.359067056480274704e-02
5.578294407349215778e-01
6.347316915637676304e-01
4.417205690213520386e-01
2.305396114681468323e-01
2.636024201080566787e-01
9.761148596721781479e-01
9.404150559068968906e-01
9.859338691058711079e-01
1.356812786901501200e-01
2.462243756475793743e-01
4.850996388431005890e-01
3.488039563198785942e-02
3.680214190443276134e-02
7.310327287141558106e-01
8.034709087969804653e-01
6.485325397672362380e-01
3.039432676134018463e-01
5.860674707501196679e-01
6.321614800336081696e-01
9.387208372974773507e-01
4.314807209765038065e-01
7.427916853975390366e-01
2.975108379286994786e-01
7.142843129815393821e-01
6.146425766378353917e-01
7.879039958655226217e-01
1.066718701807338743e-01
8.142920951392893514e-01
1.686238162455745426e-01
9.071438663119598678e-01
8.168660493124154653e-01
3.043185285609181223e-01
3.258432145107670319e-02
2.483463236012725117e-01
1.945370755347527458e-01
3.926663283640117186e-01
5.374479706334043261e-01
4.190412577282405238e-01
1.466538909687401526e-01
8.148995197814690172e-01
4.990831123538236325e-01
4.183788092140577897e-01
9.639407223985166917e-01
2.673918647093778134e-01
3.563789370907007870e-01
8.485151813549502986e-01
2.628283876211410242e-01
9.131504522791700218e-02
6.497873548738435368e-01
7.786288242899110923e-01
7.245162353406984224e-01
2.653887123215455945e-01
7.538760816412041210e-01
3.360904837407836521e-01
3.454083854822006527e-01
7.764073823283059728e-01
4.233449128098907277e-01
5.945825166539467910e-01
9.130553972262570595e-01
6.391221241555210542e-01
8.383501728195867919e-01
5.706282749627252793e-01
7.823964344907942126e-01
8.367128922147053505e-01
9.920791115797876758e-01
1.522277721210290036e-01
2.546439610508834939e-01
9.343009607046878218e-01
9.623290739241302516e-01
3.496092314701673143e-01
4.279024438083700588e-02
1.922919579601684026e-01
3.565588168725863927e-01
6.428220584454354958e-01
5.782353112974083498e-01
8.226687417204915365e-01
4.372374645912648905e-01
1.629268712932731011e-01
9.114248721248922047e-01
5.751748084621586266e-01
7.013597869574451638e-01
5.050345811962217990e-01
1.352337233308533726e-01
2.371131378507399523e-01
8.072557042982156927e-01
3.030374017061819858e-01
5.358305889398501387e-01
5.126290527303580813e-01
8.858367972371857801e-01
3.183339129738508300e-01
2.239250039286755367e-02
6.695184458028095031e-01
7.035714214398569588e-02
9.157172830072266567e-01
7.317838706224255585e-01
8.158732995120404619e-01
4.594841174042203491e-01
8.288459293831846875e-01
2.755519872996424757e-01
9.482793175329184976e-02
3.201211150220706347e-02
1.782620670690027165e-01
3.292487521891048763e-01
7.843145227981641598e-01
2.576186089297932691e-01
6.226981835423256451e-01
6.290679425560291582e-01
3.722729635418930982e-01
9.725174028738482468e-01
3.077071032684248753e-01
8.667038330965691761e-01
1.865469332823563864e-01
1.882123113582611085e-01
3.844445502829242356e-01
9.585834334648197785e-01
5.039949761953157470e-01
9.431230179683469661e-02
9.461240033399244131e-01
7.256653414630847010e-01
7.161428056741325765e-02
3.237606013591298737e-02
3.921958871358722787e-01
7.926652307516656171e-01
8.507349840361545512e-01
3.690659505118709660e-03
6.533393863242329402e-01
1.511398941517155814e-01
4.655857065535824457e-01
