# x y
250.000000 2.176283
250.505051 0.829350
251.010101 1.425518
251.515152 2.705906
252.020202 2.351470
252.525253 -0.473778
253.030303 1.473885
253.535354 0.393469
254.040404 0.463393
254.545455 0.999775
255.050505 0.756589
255.555556 2.091016
256.060606 1.422833
256.565657 0.809404
257.070707 1.158434
257.575758 1.076023
258.080808 2.265170
258.585859 0.595669
259.090909 1.144656
259.595960 0.009308
260.101010 -1.656683
260.606061 1.583946
261.111111 1.829937
261.616162 0.259696
262.121212 3.309196
262.626263 -0.376087
263.131313 1.164169
263.636364 0.972689
264.141414 2.735485
264.646465 2.716306
265.151515 1.447585
265.656566 1.717982
266.161616 0.500749
266.666667 -0.541970
267.171717 1.142827
267.676768 1.700667
268.181818 2.829901
268.686869 2.859043
269.191919 1.328198
269.696970 1.473943
270.202020 0.790324
270.707071 0.483452
271.212121 0.263809
271.717172 3.989534
272.222222 1.599911
272.727273 1.744477
273.232323 1.004986
273.737374 3.112802
274.242424 0.801306
274.747475 2.284780
275.252525 1.686859
275.757576 3.056586
276.262626 2.248855
276.767677 1.671693
277.272727 2.919564
277.777778 3.474328
278.282828 3.213663
278.787879 3.553741
279.292929 2.724120
279.797980 3.106000
280.303030 2.909786
280.808081 3.339484
281.313131 3.006049
281.818182 2.216523
282.323232 4.247378
282.828283 3.798941
283.333333 2.705008
283.838384 4.936275
284.343434 3.708378
284.848485 4.813796
285.353535 5.641203
285.858586 5.195542
286.363636 6.364692
286.868687 4.153585
287.373737 5.958364
287.878788 5.043422
288.383838 5.034350
288.888889 5.508030
289.393939 5.961989
289.898990 6.521412
290.404040 5.496963
290.909091 7.765084
291.414141 7.537467
291.919192 5.748631
292.424242 8.991848
292.929293 9.623984
293.434343 9.137283
293.939394 8.015030
294.444444 7.366830
294.949495 9.740978
295.454545 8.538749
295.959596 10.426370
296.464646 9.680942
296.969697 10.724942
297.474747 10.387349
297.979798 11.027431
298.484848 10.628587
298.989899 12.708699
299.494949 11.362156
300.000000 11.957486
